# Created by Octave 5.1.0, Tue Apr 14 15:52:06 2020 GMT <unknown@JuriTaborri>
# name: EA
# type: scalar
1.5656605836059095e-06


