# Created by Octave 5.1.0, Tue Apr 14 15:52:03 2020 GMT <unknown@JuriTaborri>
# name: PL
# type: scalar
8.3657548926719389


