# Created by Octave 5.1.0, Tue Apr 14 15:52:00 2020 GMT <unknown@JuriTaborri>
# name: PL_AP
# type: scalar
0.051351141269878775


