# Created by Octave 5.1.0, Tue Apr 14 15:51:58 2020 GMT <unknown@JuriTaborri>
# name: PL_ML
# type: scalar
0.052006470877260971


