# Created by Octave 5.1.0, Tue Apr 14 19:50:17 2020 GMT <unknown@JuriTaborri>
# name: NoS
# type: matrix
# rows: 1
# columns: 2
 2 2


