# Created by Octave 5.1.0, Tue Apr 14 15:43:34 2020 GMT <unknown@JuriTaborri>
# name: EA
# type: scalar
1.5740491552007777e-06


