# Created by Octave 5.1.0, Tue Apr 14 15:43:42 2020 GMT <unknown@JuriTaborri>
# name: PL
# type: scalar
0.078472053102110403


