# Created by Octave 5.1.0, Tue Apr 14 15:43:54 2020 GMT <unknown@JuriTaborri>
# name: PL_AP
# type: scalar
0.049884018024190478


