# Created by Octave 5.1.0, Tue Apr 14 15:44:06 2020 GMT <unknown@JuriTaborri>
# name: PL_ML
# type: scalar
0.050516735632571412


